34.98354139613334
3.0565264131500047
7.080245736640003
35.75056338571436
1.842464427633332
5.596609114633333
14.844939936193349
7.562512460744128
6.230381608598888
17.177996144303332
24.8053808833181
7.24312058585667
2.346398310396664
2.120638025489998
3.599554433610006
2.469255265346666
2.781950958524452
4.826400095821588
3.1351099316911215
1.9051418532100026
4.756127146284445
1.543456576993333
7.801503160070004
4.560197333896667
1.432482507913333
1.1272362394755522
3.3676151776288896
2.6306543067366697
14.00011842593669
6.226431251304445
0.8848599293533317
11.51182191547666
2.765446992783341
7.156329011713334
9.219291292750006
17.485226038809852
0.1710989174133113
3.3054065636566774
12.092588793046646
2.6072385160444504
0.5922561186610888
2.5675674502922314
3.4892547336133357
5.678088433336666
2.3704704149166766
18.50925611393668
16.11199234896443
0.7795535870033232
10.80165260427396
1.533187699983328
3.892131301086666
1.0902307082586011
3.177057238743338
5.092061810004445
0.6421627721399856
19.441361987877805
4.1496369303311145
0.9328521914266608
6.30335883692
0.15504634572997755
16.645871178453337
0.4278890642449866
1.7488504023433356
14.67461899702666
7.416391772173333
3.9139203529200013
2.6612196706288924
8.399545401810002
4.405369170880001
0.44973117013664776
2.951633984163725
1.0744615014744348
4.662550821840004
1.6835093537095256
2.3642636036566738
2.4136427720900047
28.48046360705338
4.29801188434524
7.154167839797778
4.058574245797779
0.1635824320599788
8.259142969841268
4.160517130946666
0.8742232479930063
3.100524488043343
3.6526403671900063
9.92566733773984
3.48693318750778
0.43045703185331696
6.073289685356667
11.674611368711094
0.6408590653133208
2.9778495350955603
7.203744294510001
3.663585139263333
4.901158138113332
12.418856298422213
2.1626927166022263
4.165359439625554
2.0356117984244477
3.2140263031844434
1.5370889766800095
1.5096426667033276
2.0481593301011083
6.9048097953428575
33.84734905382336
7.594597173456668
1.880502929121116
1.1074709239466554
3.3026796666366685
1.55776474217667
1.1891271241633206
34.28919278517378
12.870143766600002
5.208698740933492
11.706879972539998
6.237304622116667
5.756479189173334
9.92566733773984
37.40239683953221
2.4505805477466716
1.3163126035616672
4.455656689548892
3.3724639107966743
8.969851793849994
2.367943631693342
6.174340233283333
8.19553783548222
3.0784173819566694
2.892628990957783
16.01354848651222
2.9920633124766747
1.7945917782999983
1.6049841139466654
9.236131982565558
5.74716173801
10.946883353587776
2.491893174157788
4.102711364553335
12.597902698579993
0.544534889443316
7.058597905455715
15.281921259173341
4.750060967703333
10.836533106057775
3.9577900532111117
3.068890438683338
7.093733901879999
1.0551471880799932
12.494406701950467
5.722870285257778
2.443599071280002
23.97025570676032
3.8030730794566736
1.3525141000672232
3.449804204112226
7.81358274194445
2.6408431496144518
6.343001535793333
4.180298877835558
1.5065931940900006
1.1984614153299997
5.334722554373332
15.21501272485667
7.145640721953333
0.8267072262933235
4.633706966108886
3.6338959410985754
0.604583501686653
2.4644575331522267
10.241235770813335
0.9756075153799921
11.335033366543666
1.26125626571889
1.4623066204866637
4.965295480482222
2.0741354739566726
2.046900189752594
0.06608287796553114
2.342816047623331
9.134872963991853
8.01149759266222
14.145591114466669
3.637174381974454
0.5306989127299842
4.448720838130001
2.4245801017483375
2.7876424184400057
4.9781311323788895
31.301502719634883
7.295765929540002
9.139871139446665
9.894224061963332
2.9938805372758743
1.8398782024888858
6.533021614863333
20.852457466865882
0.8307366661466604
3.505469088296667
9.222793007246667
3.091601189623336
9.327714189391903
1.332282271060004
16.024362585784733
2.863692502277788
9.220982179360004
10.906105994913332
6.061950622488466
10.724387351974443
12.331602729342851
9.211575001869846
2.166319379371667
5.511154996425556
10.736683283192379
0.039678246161086506
3.9994747972144467
1.5036020339900018
2.8987270310826996
14.377931537806685
0.509340925161113
2.0623083344299977
1.9186300989300022
2.427607034560004
1.4830705879666635
4.748215870749999
5.600834888580001
1.127263074003328
7.823204188286663
4.724512649664446
0.2834261847149788
29.252356998123183
9.763577028699991
0.021693078326642024
13.480119392933315
3.81345565396
6.84686909781397
7.4452056116388885
0.5671744441166515
3.4126251121699998
0.8270832257866623
11.68966835755111
18.76152210465097
0.9638607116455509
0.992488186446657
6.147041240121746
1.5782173731766607
9.386474481939999
7.430796835910002
13.200004886297775
35.101913988877556
8.902404275906662
7.761910163400002
3.2571752448688924
2.7006465254155656
2.37138065895667
7.441377068541215
21.821558630620004
6.4621165782565075
3.197848647323336
8.051039184290481
2.009536812290005
8.59606700646222
10.645178740737297
31.615585333333318
2.492997243978889
1.5823831784222202
2.9725064534207957
6.838973591313334
1.3140971117911064
1.4471139917233273
2.5402508945200033
22.986618185117447
3.030976544065558
6.553525378747777
1.2315680758099994
3.242979857683335
2.4139194694141297
2.6343230197066685
18.052872491401132
15.103282329483328
4.7502687905879375
2.090758130306668
1.4885905983899974
4.169018853205558
4.570932499593336
1.894425845956115
5.188555242840001
1.9814279547966684
14.662543145184433
2.2422197164216784
1.5501434930700055
4.835151393302223
4.203999059094441
10.268152410679994
3.725324910196668
4.79370420851667
22.8037519996533
12.614118716261268
8.21874729206667
4.4225713769266655
14.118385701606659
4.090042726470002
1.966059041186667
10.431770555825553
3.747667322416668
2.5482069818344524
5.351531898760001
8.330897504924923
7.000316164736665
3.0147679573965105
0.5519942145033161
16.148000806735542
11.389766059253327
5.056540813976669
1.6634460415366625
18.550379939747774
1.3655889635199951
3.121933334816676
17.485226038809852
3.5107790007500026
12.543885559533344
2.617380680565568
5.587401633953332
1.453147434416663
6.1902494398088885
2.6051682096000013
2.7256434293922234
2.67308760624666
1.550171592326664
1.818293027597778
1.644233567639204
2.9938805372758743
0.725661900353316
0.9705866827099889
1.2650880893799927
3.0501821931333386
15.347857362488892
0.3588538236366521
9.700615424606179
1.879659472810002
1.408445008513329
2.933376802716669
4.920616312767779
8.587839582153332
0.7835604830333169
9.051556592239997
3.268879381556671
2.023581814856678
0.37007074557331343
5.365858692543333
9.051556592239997
6.302531443605555
11.875284304583325
1.8440511582122223
9.987427971018892
9.425331027174291
3.172289420016678
1.4581421975366684
2.6208701036966744
3.1892898263766702
1.7115682091866624
1.3615579764866617
6.250349760952222
2.8571287616366727
8.166118606010947
1.534010570036667
15.328571295168885
11.86096952299
2.407240630236668
1.206014587531107
12.308778244449996
23.922615858166665
6.722550798386669
4.89680886649619
1.5336530098155503
1.4975031068266667
7.736272077963332
25.419401916364478
3.5064728035044452
2.478481399556671
3.567815872740002
9.134872963991853
3.928199135130004
0.7914891501966732
34.72561291798935
3.1784337470600033
9.462470656531114
3.6737318139533333
8.03218982356778
2.440165222710006
12.902446072236664
0.22187632397747858
2.7555363734
2.5482069818344524
0.7914691802499876
8.348611717408732
1.4308526120833323
2.2158631982766694
3.7248793453311104
12.212455500935551
7.376176533083334
6.209822991716667
2.9592175179533364
4.526262491573336
0.8693390411566595
1.0863842778333321
2.3815436525811107
3.6659805691300065
1.1978614827099978
5.627775532775556
1.063475658626671
6.846658217256665
1.5154357580304731
2.436521614497775
2.9515322949144482
4.855712820314447
12.861045277333314
1.3664425085633312
0.725661900353316
9.555292622655877
16.6034740085089
7.500262985937932
8.754484070363336
8.026954967169994
6.970611450857778
0.6672131028844248
5.687260829796667
2.5276982772733407
8.166118606010947
13.773805326449994
1.3258786620172138
2.93714034276
0.34335523039997895
8.757009241396666
19.4994869574133
1.9168613386400057
12.614118716261268
7.154329184835556
8.171773326504448
6.812634214563016
3.8722047171649185
3.0736000449577783
2.4728431592833426
8.39683157711286
22.212490105381132
3.0629194413800023
0.9741997368566571
2.532334355116676
0.8262328823599869
2.646326899538892
15.469465833340479
1.8941846368933364
0.4278890642449866
10.563159911722224
1.6839347115977796
11.331785128687788
37.670011021980606
2.0105376386733367
2.1416918422522246
3.3108159435900038
11.229958647035563
7.8861923433733345
3.6564389952422216
4.217244387629998
2.78155931710556
1.029513931232212
17.871820659565582
2.260679109170008
2.6989572105833344
11.104331947669994
41.416969539682576
0.625242206530487
1.206014587531107
4.1406136092966666
7.806956344256668
0.26955407049126645
1.437533191232375
3.234244985986668
4.30723332353111
6.061621437408571
3.091108599091122
5.601369893991112
0.8262328823599869
1.8972182658499959
6.997803968123704
1.5908950229066647
2.3802912262166704
3.587940957287777
7.069008737558413
2.75552020108778
1.871244149256671
8.642892756828893
16.481054837643335
1.3995000213733277
10.014161867434453
3.7117743068266713
5.445303945441112
14.012330086132213
3.084126079445557
0.5398104567333153
15.675840581116987
1.8517106926433273
2.554634288011121
1.6810183335433315
2.7977865031333384
4.23984962988889
3.671367801072224
3.4803354265733404
14.571979047422214
8.813722042260004
3.940311708645554
2.086865634460319
1.8167856185644444
19.563886720566614
1.7101257227900026
2.8448263111788963
0.8943293466666553
15.263538014949102
1.8301132592066685
0.7660332004622115
2.0761892612566677
1.0545733049966586
1.1029628801933313
8.878912154272221
5.807321720727461
3.731532665828419
1.2287354163466606
2.345670589056668
14.665556457413345
1.9526226548966745
2.494247673863343
1.0685504325333275
7.8049973252566645
2.4184892379166727
9.678985256294604
10.472720695023327
7.4250636666666665
2.247707685218894
11.997759263063346
16.072506654333324
4.02926443988
1.5559244651533373
9.654009228066668
2.5262839206566694
13.452399433248878
0.7871720323399929
1.6256111620366678
3.433665185381112
0.7021826167133192
17.64312801697001
2.4024042079033436
1.6912423981433387
5.489541425970953
14.817578619426655
6.735124891460001
2.3054715556100067
2.9307349977000117
6.425358895793332
7.066741913558333
4.283485320671114
3.201206188943331
3.1001181918099983
12.531566508726677
2.6008015289400084
1.1754152521666574
11.918214808092213
29.65759451213611
1.9976413496322243
7.329288583726665
2.048862977300004
0.3262000920366477
24.96367514000663
3.7678076118399995
12.286610998313328
3.0526742868355585
1.8122847570700005
6.624988621155239
5.671119963521111
2.9368449981528655
5.576256154566666
8.28241247370667
4.947357024321112
2.5303426294455607
9.73198031871778
0.7128557325599862
1.3521184923533243
6.06506672883
3.588132860188895
3.2090494911357177
3.7447672481133316
26.829611264580013
4.057760019444446
2.7101024721411147
8.909226969842226
5.351531898760001
0.1850637522799774
2.1940136139033366
0.3892269279599816
8.902404275906662
0.7269346754399839
6.971352554160952
1.9053170386000025
10.526678982988884
3.2541881047722208
29.252356998123183
0.7660332004622115
14.184284793574427
2.571588730575559
7.556816387539049
2.699324692603343
0.6065753273099936
2.797115410273344
3.543779520053335
9.134872963991853
4.068794733522222
30.405623885637464
8.135001734386668
12.853949379906666
3.270243210582226
2.741743387368896
0.5820520519033163
6.10244334992
3.940311708645554
0.8866852619666519
5.611865792016666
3.4522788691299984
0.2537422464333119
10.19502418768334
10.227664539753334
3.3144063366333354
6.353351234483333
4.398777894576666
6.6672187089333335
2.383786128563329
8.917310588037777
13.038978494296671
2.6971414728190077
1.3659352775944456
3.9178201612622225
1.9908367157288938
10.19827414866334
3.337024033287779
3.435003638561112
0.9869116248199932
3.9829685246266684
9.481094118256674
1.8880522747633366
5.7196643718099995
8.624210117318896
2.6051682096000013
5.0889392697366675
4.016652676153337
8.132682291660004
3.893283427142222
0.1850637522799774
3.018331879806674
11.169508765476667
3.758188635333331
2.1981227326400044
6.064390053636666
1.9556796489044483
10.213825669617293
0.6729329881299853
0.5587478317600096
11.192458542059992
2.1812601508766716
2.135587458582224
8.843540112040003
13.51224939116333
0.10934025396064317
13.985609211956682
0.6159489981699888
4.674754825831114
7.206561926253338
15.034657888853328
1.856055722666671
5.882050598728888
2.9763440105433365
4.8971733886098425
16.28948760452667
10.14312426592349
1.9989393758711085
11.622187804139994
4.139495318866668
11.314402190422847
1.0226355086766628
16.111143165366656
1.5718072622911183
9.300835713650002
2.9827816389741275
0.3104338202733157
3.314966030048895
2.6212420020299976
1.8553950603900047
1.9202370048100015
3.559303974411115
7.556482366503333
15.622023034604137
2.773580480332232
38.735933888888866
1.9315868338833395
2.5201034628166714
0.6054224261733179
13.527216308136655
9.387470651635239
4.581914125473334
15.090890752713342
6.7346183614933315
4.7502687905879375
17.14742057128336
11.742415578043335
13.523729370330017
14.496221989196655
0.6956338867933205
3.6564389952422216
2.1034605839655587
5.25129650419778
12.035407784474764
31.7316305177333
7.348570429633339
4.3828750256000415
4.6071446773611076
0.06608287796553114
4.4211883903055575
35.75056338571436
2.869153374775567
2.9962366649100063
18.811961134701146
2.866561396166671
6.343001535793333
1.00835152167999
4.446978670113336
3.251897189236671
0.7471538490466552
0.21376179484553326
9.48666371726778
9.95128227973555
8.348611717408732
5.855026196791111
4.964071401881112
3.5305556604733375
6.50980190755
4.358172428184447
3.940311708645554
2.481904616276669
3.3303152019466693
4.551400256364604
3.1026485377133364
6.631445783336666
6.01328540806
13.35511659492444
4.2823561701007975
3.798262058287775
1.9652666925799993
2.983680092493342
6.017727451002064
14.426239142753346
11.322958841343329
4.248291330993336
1.0442994771100018
2.884331873613344
1.437694382393338
3.6370046599977774
1.783989136499998
8.692378061303332
13.52437370302
0.23087515694831318
1.2033424215333248
1.6878389000611076
2.8407001449033387
1.7154555597833312
9.387470651635239
2.0993837397799893
2.0462935571333407
1.1777239207900019
13.763269104703326
0.4768821942999857
16.195662324779185
