52.80680741354442
44.475585651727755
31.296732192777775
64.44363571428572
30.81114986453333
28.075108661743336
37.38134492255556
42.08387031584555
29.650736833342776
48.5961272661
43.81358504685237
24.020523903766687
30.34300830005334
33.6378958746
36.95743437868889
28.79106873803333
38.64189238732223
41.750510941323796
27.82201889738333
30.342506904075
33.7799146424
24.38144999732446
35.051118844966666
31.402918338886664
33.809805712553334
36.43895579945001
37.35066639946667
31.8506443627
39.64339687059999
42.41852562576666
28.632342789226666
29.946406615571256
37.54800699326666
30.61983593243333
35.506406899964446
35.6150799020927
29.90566537199501
37.9121126315
34.98632020989524
41.157004784444446
26.780465552121093
37.48492048810001
28.03767423396667
37.11513887553333
32.704529312580554
39.71255236306666
42.10109641244445
25.546214441083336
38.879700934822225
25.759155226566662
29.792089638
29.967103677657775
37.31592323317778
37.3144700875
7.699004751533579
38.95313814593334
35.006921760055555
30.208708504426667
33.126865259122226
11.84995785460324
46.12470745686666
23.996918987596104
25.720588502385567
39.52397771175555
27.950252767735552
34.331086456933335
35.390123413333335
27.77014455816668
37.24656331326349
28.314106517800003
37.56772026617333
27.824680939181114
33.8341052865
25.715037243810002
31.480425201358056
31.42255746296667
37.273352091999996
36.156705843911105
27.619017346600003
36.91461961091111
20.015090484208354
45.74825275969842
28.579015578792855
29.043209048099996
26.90475253794444
30.085316763515557
36.5161648358927
35.499621373191665
33.909793165399996
28.9537385731
38.183080146980956
16.399104594103324
26.589785021999987
31.929696241677778
36.06234079643333
33.2189761166
24.112956391684826
33.50386669562222
51.8741442279333
30.869872911266665
44.88343553392886
26.58092243475396
36.7117962666
29.404523378466664
32.315958702103174
56.686696385680875
34.92354969917667
30.945405239248096
16.900031322088807
32.15309306582222
27.100998016648322
25.016470579074433
64.45412626743631
38.10458155773334
33.826805781888886
38.646219383498725
26.226219862950003
28.495459253850555
36.5161648358927
65.10390788958722
32.975777777
29.290539486600007
29.102781163066663
35.596459017293334
33.661983365033336
27.386114459400012
30.209899448530276
40.60703492532222
32.20648796366667
27.170405992533325
40.86759455653333
37.82290305713333
34.737811602933334
25.520106339766652
39.4990994155
33.60914344776667
48.78004332406669
40.086395107166666
36.06664852156666
44.67276177027779
27.54913949327666
43.177983948420646
38.44212917649334
34.931447697698886
35.45355341443334
34.88265283745873
28.63383324666666
31.583467688246664
18.290706177644473
40.833558313100966
35.754128310615556
33.7781311295
37.88384087803969
33.86220543487778
25.09324599430055
38.155929693533324
25.842973684400015
36.527453094213335
46.36869621817332
35.71426880682667
29.028496918200005
29.882262598433343
36.75923819896667
47.50889177233333
34.97006914906667
30.542663807013337
37.12455217151111
31.824255578467778
32.07150021905556
32.87713549883889
43.469105721666686
16.901555706466702
33.51515074520857
27.360170295970004
28.18432759383001
32.93016802699778
37.163777638253336
26.511384674434716
24.154729230934677
29.061991915606654
35.08501910958466
44.824173614712116
35.86158395465556
32.693154272967725
14.823233074339988
47.741082831033324
35.18805305386667
32.934933062700004
30.411151895249205
54.2037383433778
37.568210436
39.23970752939999
34.42089156859
31.821085170155563
25.84460776053334
30.388344541399995
40.68722048740222
32.706255888983335
37.756196469
42.04297106693335
41.45009068316666
28.716598408115864
30.21085129102
37.191448832733336
32.00159878061222
14.559968933633385
36.26977093838
40.86793421935044
27.540760501033333
39.09852494792223
33.655975960798415
33.877065352918336
22.82437257693597
42.65950522785396
22.94918488660832
35.25418433802778
30.470617474416663
29.697416809757144
50.559422872933325
27.152028095322223
27.079012815186665
37.04634928188
29.40974303761668
25.98804929058889
28.012051664422223
33.189897848066664
36.120866170266666
32.12485089936666
26.51043010874889
12.65712790924077
45.761345265787284
35.70608011431
22.124498518114613
35.4774827977
34.654989386556664
33.79906276073
30.06093810523556
21.420281064699992
45.76914182861389
29.262083297590014
29.174860495248893
35.56510959612222
26.454226326171113
29.391547040218327
28.990325932107943
28.153725642149446
37.04447284331111
37.167631596599996
43.88410612456668
63.69232833333337
44.52248503515555
31.514610376466663
31.837270488575005
42.74633786310002
29.027655855828893
33.83913322683333
41.04723302434445
23.4221094642984
33.1039507274
31.581587070655555
27.665484192983314
27.81811302206667
38.011328904629636
42.5839159257233
44.53942032691113
26.305748449677793
24.127452190777056
29.735200371130002
14.37974032822665
38.232146173766665
31.755649852205554
35.02717026862857
44.357185192366664
29.617961330401272
26.04761449748889
31.3147202567
31.09246242310587
34.821935312933334
47.09251796036667
41.30820179483334
27.34629954051111
25.26179280238332
28.358320606285552
37.61505978957778
30.536928032644443
29.01085190441444
35.0043595406
27.386467394291106
21.571898810882537
35.753514559369044
31.86903779176667
19.903135801386668
24.58902119992664
29.574555367264345
28.486071604133333
32.48958978902238
42.07025898436335
35.780380465828046
51.06207155820001
30.343210597744438
48.1404249468667
35.82628694477778
38.1337994176
37.13630873472778
27.03199156533666
16.722861638047732
29.717030494299994
32.1513036046273
40.43379254572223
31.352207652049206
19.890715665203352
49.16049900283336
37.39895578146668
27.359453475992215
23.11103963805445
37.81641934823334
35.171803648952384
40.860856954
35.6150799020927
34.43128278576667
32.53290161797778
52.24921337878894
30.598235862549444
32.637430161733334
27.792524419713345
28.443090387482535
46.02917126836666
32.107548879057774
34.98025086896333
33.9751776075
31.093165661355556
31.821085170155563
38.825977074591115
24.587034689966668
32.894637281697776
36.089965874166666
35.84455842114445
13.297015724868217
13.885359960317434
31.683804092466662
29.640384998571104
31.538353766966665
27.56353711593333
29.46807566602667
32.06787561142559
12.926588124785123
28.765481882961105
43.11838619102223
27.380187013731092
28.407237612100005
12.926588124785123
43.48226694681429
41.3596897633
31.919160037727778
31.589864727906665
45.252264745333314
41.35614251970002
40.35718692862
27.061875329774992
36.34241495806667
34.1549876278
28.219688111700002
31.422937789558254
32.42744878923333
44.37896799212117
24.80213459755777
33.94958952277111
48.09798467150004
27.26625484402222
31.633868282383336
33.591675504633336
46.42073992712223
26.72030383080333
27.54147655756349
34.47794848954667
27.693311948450003
30.543338505862536
40.168800376533326
30.851630448155557
36.47667446392222
31.992720563234922
35.08501910958466
30.882993121133328
28.883676876683325
55.86435893561166
38.11825394336666
29.61432082672667
33.82508432701667
33.74374280323333
42.690518551026656
43.175651508833326
24.40717947288293
26.726682197566657
16.722861638047732
15.74824330092829
44.42960262571114
29.91297003571112
37.01932895376667
27.854721362800003
38.62440932469334
27.23653577585555
30.551970587211105
37.34013329094444
36.601081705633334
30.894523504267223
30.733889917219997
30.89989242651111
42.059792238233335
29.15611923441334
29.81467747723444
28.360747341757765
35.00071151405278
29.964317430923334
22.89841648676668
30.353342472211104
38.10175194303333
33.2150988860508
31.19315877303334
38.825977074591115
48.50003664309998
37.058283737222226
36.63007396639365
29.721997768009995
36.6921866549
27.130604894411107
25.25917340363096
36.73505737013333
47.795216194933346
44.37896799212117
46.12496243808888
25.396746338094047
35.10686835906667
36.095582551163055
30.408145913080272
36.25723784454111
28.820631605379837
35.780380465828046
35.29781523616666
32.04917781228095
32.99135870234444
26.059380362266666
37.3168735933
25.371196201909992
43.90213200914557
53.2572640443868
33.42747816835111
34.628902788766666
34.35558454478333
37.25229206181722
35.243181276853335
40.51973001802856
36.27385603978667
23.996918987596104
36.96025734862778
33.76642715378889
44.726281061623794
64.63689049178882
26.883863256011114
27.04161698944444
29.520841997522226
37.711680977411746
36.58721267083333
21.80877981786961
43.55108161619999
31.57184095575857
16.27941090345114
38.110583496691106
36.09473930762587
28.88855470859999
37.92429300056667
59.58205682202962
27.04223465764278
31.633868282383336
33.97174115258889
32.2149990313
25.871090041711668
16.34339783079446
28.04143859560555
47.26554598270002
50.37445822238892
27.55027205924445
53.14080410336662
37.25229206181722
25.47028748397167
42.55435755441001
29.53146038126167
28.072828510475002
38.09501717458889
25.853217168088886
34.22034383266
33.77365185104722
32.48973541322111
45.075523780599994
32.035726120106666
15.094746690919099
36.310938310446666
32.050556921731214
39.24847386543444
29.17748145210443
31.080592073033568
42.15571217486666
29.808543791903016
30.357111098926666
27.393398301134447
33.37832986123333
37.04695929341111
28.763729018326664
43.12622708553332
32.10955662896139
34.145015988375555
40.264077583004756
27.276150652500103
18.29027847566334
34.370392835977775
33.308675563966666
27.02772862359888
31.088444804307777
28.783684547222215
28.925856930200005
16.351218929722137
33.9889886035
33.7894070839
32.482426335322224
28.394583138815552
40.15372144794786
29.162197541733335
24.06253123573666
37.75690636146666
43.07807826412223
28.57033951344999
35.06677702106667
37.42908980446666
44.89153937613334
35.3906841612
40.10634856712888
32.30469599562694
28.196412051526664
30.523070720815163
49.544061513766664
33.62809571436822
50.75147033596666
33.6355436694
40.40797604294445
30.49790053449778
45.538886384511116
32.41466977994333
36.2467565269
33.41751551265
24.468877247461432
45.25238179256667
24.899656514511115
30.587751432
43.80746753433653
37.18962766435945
37.65593975962222
43.09661666055666
45.77943475950002
37.96853909079999
33.06723294252921
34.15420304476286
21.168270449459996
38.45358808740001
39.00924972485556
30.692874818733333
13.880420911364997
30.790123258364996
49.43390719758887
31.92707402317778
31.22701528630484
40.269345276100005
18.10558334170002
36.697831478968894
36.54661630482222
38.38104104720001
28.047274837578332
43.215069465800006
32.88970505721556
28.904648181806266
31.566497913878887
39.53535815939445
30.334196689804443
32.03541453346
44.72908033775999
32.38112985978223
29.146710223540012
30.972431064206667
32.701244590546665
44.74307472953335
33.18631292102334
30.169721412669997
37.95257953053444
31.6829657183
25.794145987399986
32.90762564891635
29.717030494299994
23.313012005231663
39.36265001501557
32.55377285927889
44.52248503515555
28.95183496768582
38.98081106122221
30.949119184399997
31.68267354272667
31.0030331415
45.761345265787284
16.351218929722137
26.390661158545555
37.113347456144446
39.1078250118
28.839797709682212
36.45432579220666
51.17099655014114
34.17514702890444
35.08501910958466
30.61885133831778
51.4819574795857
38.76164782724445
43.15175307376666
45.282052928173336
24.15679676204887
20.274423128299993
30.973066998708056
40.264077583004756
27.844360975733334
27.985135562377778
27.273594024836328
18.702020888599968
41.53066682283335
32.298328463400004
30.516747996455557
29.75816051397777
34.11204725896667
37.0473242416
37.54341230320001
31.371207134402223
36.95440852223333
38.16575427849
38.00301967535001
30.826420738022218
21.592206726066642
49.86045579096668
38.679883704566656
31.403038233244445
19.18377731573336
32.01808569972389
37.71988684513334
37.96638957672222
25.726061994341123
31.09608073668778
28.443090387482535
47.41998072599997
28.936033195472213
41.45646059159999
50.929745002166655
23.313012005231663
32.8298671003
25.077621306896674
33.0393426921
35.84666652633333
30.52073722030873
29.819419298953104
36.083867312546666
23.418699897596632
26.085663146961664
39.22727031767834
26.21299712272112
38.45284734655556
33.80333163788445
41.03436288808889
17.95545339885654
42.104927224099995
34.23667720386667
36.134878945228884
36.981250897933336
47.44960760009997
40.80770315981111
32.648150207676586
33.85211276295
41.967827639751114
49.46020198219999
62.90938077887047
19.118464519409784
43.394340909477776
27.166163848296115
36.76586948603333
39.104266392099994
47.69362236489996
34.93854035155111
40.129993580966655
41.55262424534834
33.60965505010667
26.036538223984763
26.245738523911115
24.810830203807782
30.281168218861662
29.67980068352222
28.296517702549984
66.20685790613015
35.849182479245556
62.57796276189997
37.31747395276667
29.45766790942334
35.40806542212222
46.819440433377785
42.651674630292064
30.901269711599998
50.5687474329
34.11004640224278
27.34629954051111
36.75919556326667
45.2453295187905
38.52041687170001
35.88858451583
35.79296360843333
21.80877981786961
39.539232935655555
37.87506462488888
45.64486036717729
48.33434644720001
32.30645645432222
27.54802860425968
30.43762683896666
24.154729230934677
34.34200141775111
64.44363571428572
29.001642074395953
35.2808644174
39.84579940613111
29.519458061930546
46.36869621817332
20.933562800022244
35.44323266098222
33.5082546975
25.65170557980526
32.631550400737225
28.577521209316675
28.94962525912333
44.42960262571114
32.147440892633334
34.121924448168095
31.969228171436665
43.45450755033333
37.225614050000004
40.264077583004756
28.81642232068555
31.010783310366666
27.97268182010444
34.204536565144444
28.259288971649056
35.69635231077222
37.421067408499994
34.43802365562444
34.05077339308889
29.645554413122227
27.223229330600013
43.68664637584445
41.56278399989999
35.362748509770476
39.254390147033334
29.78490169602222
43.02457186337777
48.54193764403331
35.12024740096667
27.216970184483337
27.44114556258333
45.55557965900002
32.6166494188246
17.961427267515557
24.4507649596
27.975983076222224
30.63984434396666
42.651674630292064
28.70583327770444
35.04276303973333
30.223675819787225
45.07140674963334
18.842252756635563
40.61666351733334
