4.597945812524448
7.002925301542222
3.9466972813266663
7.387228713102698
3.2176694393433265
6.927607681411111
8.232964789515776
11.47424387781049
8.378435229601113
7.418194974415
5.860726121884921
5.537474496879998
4.908695179996506
1.763332101316676
6.1042265401533315
2.754076946946675
7.3063992087622225
13.920552069292777
5.723106324560132
3.9197225481100006
7.213999750723334
2.800925420483337
1.0912980025233363
8.301033372520001
3.83035229118
8.353107940185556
1.8846085326766708
3.545072080479997
4.967971961279998
30.99299203000003
7.872258090663334
8.854675062450275
1.4243972295299985
7.22375199388
7.147763475175555
5.404843552692221
8.940747990878336
2.2643060488666684
6.6104849663900005
7.658713236260001
6.8598882713641665
3.424690097266666
2.4954922399100017
4.5176968551933365
13.297755009253343
4.8490373023199975
6.814924188307778
7.071696311079207
4.040138929091112
2.0954225003933313
3.388441488080002
9.369667032286664
1.868500410146674
1.6805659804733324
4.239667496649947
4.715318755106668
2.6967813163200103
3.773150190753331
4.161782048953331
6.954663477478778
6.537524854668889
9.247222604644943
3.760938055245954
3.9067584558777813
3.9660697724966694
3.660267329016669
4.331057088793328
4.8728660893688875
3.4659007765988865
5.820472770355557
2.9418012054933307
6.275303391935667
1.7400637308133309
2.7397111563966594
3.331289751013338
3.06318590061
6.82904658332
3.8578970930966654
5.635888648461111
3.5734441232877705
8.800915043353335
14.243482346940741
6.792507404948333
4.165738334237776
5.6742770569411105
7.482563065023334
6.9499965106327775
2.559528707733337
7.558690782166668
5.69160939623
6.977765950278572
6.620338534248889
22.392930840056668
5.74692269810889
3.8563621560933385
2.7962060727899987
5.598889995410111
11.883293083989997
11.382549213425563
3.9262531441833315
5.535983983873332
2.3368967303100012
4.3817092652655525
5.192280053603332
7.084382491689682
5.9067168667155565
2.135631399999994
3.9419533465306666
8.525276455215005
6.590782069456666
2.7249909152600043
5.074753528496553
8.105698188497936
5.208431724593333
20.440254126984154
7.568402444926668
4.10287573312889
7.753833431579525
6.9499965106327775
6.408624463713015
2.8263499708066764
3.5160925029066665
4.8569016485233325
1.8453653037166644
9.254528280801113
8.144985293056667
5.6442930515461125
18.64224348549807
2.9937695318666657
18.495868822716687
3.650813259908221
4.4165302123500005
4.2986134587099984
2.6147485422900036
7.0893771847144444
10.05767312669999
6.171898526556666
5.188120775240002
3.399507185303331
5.515693968441112
8.327121373417214
13.889008655457769
2.3171978294533373
14.596728797469979
9.110816296142618
6.489102660442699
2.8788763443666747
2.859449947679524
6.575048314072778
6.996456274241111
7.601037455219523
4.09569635762333
9.554522578466665
15.274451979639972
7.349195003810556
16.182325250686652
4.623499059604072
4.486332151156676
15.3170879749589
8.296987946449722
2.583862311970008
3.653747344506667
1.4610338129033282
7.203115701916667
6.600273529493333
5.254338823330001
4.310563797205557
2.5680942801400057
7.415928026492382
3.963501201763332
5.94019241025889
6.6776586352627785
10.099203083448574
2.514099413213337
3.3414627935500003
8.473793615976666
4.733096713316667
7.408783491722167
12.433069728464341
2.5304215128566643
8.455410134286666
11.78988803233222
5.390885087300001
16.251281779444422
6.054433921013333
8.033848768174288
3.6461642266299936
3.3759310725533345
4.530583125049681
7.634041193478731
5.4002246045566675
7.186138505007778
1.7603444223905615
19.923510156519185
18.177573103878892
6.382485355
5.678597358928412
5.453978794640555
4.8093656921133325
7.431929156053996
7.33358677157889
7.705802436066825
3.317933355490003
4.655132669683332
8.312511882159288
1.3255560900944454
9.955347330993332
17.36525731477697
4.299551435123329
6.229672772138889
19.312241708791603
3.675416347219995
9.305647056458096
12.447467494699685
11.540377360428119
3.0773258028266675
4.040314624359997
18.01590856287556
22.99557256654331
6.3197968453855555
2.947122951146672
6.1930082837922225
3.1504309566600015
5.24966376089889
2.1646385678600097
3.1206109665566752
5.873048293729999
8.185187542200001
2.589099140915555
7.228987651133555
5.1698494586200034
1.7438352689500096
11.238122586060825
5.75759830509111
3.973626184093332
9.336832952992618
5.826077116522223
7.360916152123332
8.913943414679553
3.312166347824446
5.074850618317222
4.648897793631106
7.631538037442223
5.179705574417777
8.132105183625395
21.31936834781998
7.407645785274889
1.2709112789133297
9.699655748370423
7.376385835151904
10.199612952466651
7.906544513322222
7.269028192254446
4.794983906813332
3.0421829831200062
3.627817684288249
6.044606511026666
8.564711207393968
1.8809409158400063
4.031021156423339
3.2905441278066703
6.9488496166000004
7.172579103411111
5.158852917549997
7.037804296749524
5.466678340432538
6.3594195344274995
7.03791652389
5.760861038331586
5.171473959203333
10.79550482673167
7.755597398529522
5.667555208443334
7.4211827165605575
5.261858437701113
10.190449868863334
15.949598980922207
4.149200892970004
8.201876149224445
2.582019343856653
9.820079921833335
2.773767340853338
4.617288278903335
15.845275769823324
3.0824352435366733
7.2283681355736515
7.452057516992223
6.201244661650556
9.238822556708257
9.631015352049726
3.5720161729833304
6.469586111012777
4.53235268468333
9.443361476774445
4.328104380179996
13.345344713183325
3.33013075106333
11.15169308064769
4.0372795612766685
3.710034292335552
7.597594024556669
2.9431841532899963
7.400689513883334
5.694050659421111
3.4920540561666678
7.282162688197722
8.857399666503337
5.242794472647859
4.1821149961199975
20.100671970071893
7.54919796414
8.167263680557335
5.596982333705556
18.141240955783353
7.587391692452665
4.60484190637222
4.038754139773336
4.555397530177773
5.404843552692221
4.318260427478885
3.7382564479733364
8.694656389915552
8.400261096505222
3.5254387578599973
7.994562977306663
8.432033439508896
4.96611360935
5.6622001784633325
2.480835798076673
4.5115202609122225
20.298513580030846
19.923510156519185
9.551071348258946
3.2287282151333403
12.299318311170008
15.717925480343306
4.080935186593336
7.017323817550166
1.5176831124988928
4.043604495729994
6.933849509494445
3.3058887782100017
7.044272493651667
2.9639232209811084
9.594929615433276
1.3018228074500042
18.820696154843343
6.103643850923334
8.19529493313472
3.1745600334900055
1.3018228074500042
5.2586214178466655
7.462367672366669
4.21341001081333
4.173933526243333
12.019555336073969
5.8054666896933345
7.12337295881
4.675136821429776
5.532358984801113
2.22692663855668
6.056896339426112
4.3050876664699995
4.911846106426669
11.890228874904437
3.319547646856672
3.3845661787266677
17.404355993101408
6.769922039577778
10.045863533001668
2.4400664600244566
4.405774191840001
3.384487643569998
8.522362070160003
3.3911520933433352
6.316474895631111
8.566727203737777
3.6708674644599975
7.786112874501113
4.687853613296669
21.54257678541381
8.455410134286666
6.342710957127778
5.363368932751667
9.264777285924866
1.9041647178566716
2.7197036936244516
2.8785964125566674
7.084900452705555
5.198715010136666
5.897372717960557
11.137305320987213
2.4320441916100037
7.282162688197722
7.3992506819727755
13.406980033190006
3.1119708561866664
6.267917941463335
6.441777693382222
3.8042957781766646
3.9682432053688914
9.690502491956666
4.6659570858677775
3.4355275579566675
4.504472742948889
4.122148962986665
3.6523482397833336
4.284540275239998
3.277507354576671
8.122538074472445
5.573949091243334
8.690870638883334
5.695535802284445
10.053349762576664
20.425866236024454
4.485836524183337
5.04313662427
2.818027589103338
9.551071348258946
18.173578006748325
5.148680742216667
3.866201936952214
6.452325380494445
2.006337333333324
4.009957580476666
6.845034323839778
1.359174589509994
8.212481186869363
11.890228874904437
8.207638574245276
14.813994338044752
3.7530386579366675
6.668623442886556
6.070250844819683
3.9561399224352383
6.136953412504444
11.15169308064769
5.712827577503332
7.3591546623141255
5.331405318626664
8.82739933930667
4.101956508958218
2.8957656316666753
8.787086294850472
5.788082999331111
4.399312648069996
5.495481946643335
14.409188182306684
8.685453222176866
2.6409645720533304
10.19945939322397
4.373277274496667
9.247222604644943
4.8028512433355575
3.932250106918885
12.185002760022691
6.318469297487618
2.190385236553328
2.1439799859000077
17.773158974152505
6.693166630916222
1.9885558100200011
5.803866571138053
11.258141989445555
11.641477712178562
10.019364906618472
5.843583595695001
4.921602769569845
10.360704267724172
7.122445727841667
5.042477270831592
10.785907629472753
10.045863533001668
4.498268715999998
3.9264323171977784
12.413257256699298
6.213254346789999
2.851637736285552
4.714559496675334
11.544679874290217
20.509623397788893
11.590526115670006
8.685453222176866
7.869299640333333
5.707873095031111
3.4424901225833295
3.8889119991166665
3.3951073859400034
9.410185074694443
3.8896151560600014
3.2046595193233354
9.126904633855187
5.379452721929999
4.179958692300001
1.9510852393188873
1.4308591138233293
9.394329077384127
9.30130764267361
22.121851348716707
11.489089046778222
9.620594928316667
3.6726072646638945
7.463065495886667
4.171660787873337
4.609722745516665
2.602893574106667
19.42987587533555
7.276237670995872
5.635820417412224
9.483183343049635
11.314028805791276
6.92421887497074
6.53239800864619
2.876250042796675
4.088983058823329
7.638085759551112
7.664250879988892
8.137623263669997
3.559904909933332
7.387014153991945
2.686491082286673
4.691034548729997
5.600257814185556
6.502820171982222
13.249854561712784
7.607293937524444
2.4661210312999966
4.770377680796112
5.887702412035001
3.349574450291117
1.4288000569866641
5.634156574662224
14.147021090429206
4.872084335716661
4.040516169084444
7.073743814793358
3.177636450876669
9.778988709724448
20.930692202959968
5.13850970270389
4.925749293266668
2.3179392359699964
7.258206546954444
19.73143184670331
7.100897710806667
5.870034286446667
4.768825929283335
3.269203471323328
7.843724952605558
6.545255008554444
3.161716258625565
3.5610815723155596
13.966862896362219
6.712474725740278
17.551196569779993
7.270402056813333
4.619358513358884
28.59929071999996
6.668595495147699
5.889466620347777
7.073678369903334
2.363471481733325
6.177167212085555
3.245065542989998
6.815439957989556
6.1372709714504445
4.964148270977145
7.085427505346667
6.906853855051207
3.5016982415300006
7.314440303463332
6.975224354557778
4.782546889793338
4.858856985256664
8.308789847351669
6.646948099977777
3.103450237926675
7.374390882844111
7.9788017492411125
8.923286612103334
7.127134883996667
5.585982050541111
5.259822139483889
8.795401892855505
3.256103097703341
3.0259372028466776
6.274241274225556
3.9924293013944423
7.5201208722477775
4.449201144589999
6.498151425367666
1.805034456816661
5.496734404218889
9.326523701574075
8.857399666503337
11.550440356766774
5.334979438213333
21.569042005143395
10.199612952466651
7.559045038227329
8.426349577456666
3.98187906374
7.594725943542222
2.8051810669733332
5.1698494586200034
7.387014153991945
5.050058483616665
6.916193745447302
20.676752809998586
6.8582426784155555
8.114062838275554
7.932683346681588
3.3743960832066655
8.455410134286666
7.815482398263335
5.152085818121747
8.20082778109611
6.7712439944866665
4.191404337641117
13.557149252763335
7.808901204328887
4.744628210216667
11.314028805791276
5.514315746536668
4.379920725043332
6.315794671242778
6.551283712136666
6.866511789142778
0.8396106333333329
2.4794335225333377
4.467354392915553
4.104741701373337
1.1190490954388945
4.05751432472333
6.885827938631111
6.096958965286667
4.601053283939999
9.13164022804222
3.9575522581400016
6.0577867389277795
27.65705820019663
3.5367159390000076
2.9854220207433357
6.587130022867222
5.895451756358667
7.2028982059
5.270914623403333
4.443790447916664
6.386170903226001
8.432033439508896
4.3365502160644525
17.857028366143354
7.275968353204666
11.80824190706667
11.550440356766774
3.501049969586671
6.978509009912223
8.048184968369998
3.9606521601599933
18.85541947957889
9.77169513665999
3.440409614698896
15.177971103066241
4.219446012133337
5.912863064736666
9.167630296506887
9.019106382986667
6.232388489434761
5.973570565158334
9.16740119994683
6.025739262364445
5.087235128746666
10.03895755455667
1.5148731858955564
7.474676474987224
5.452850085989167
6.862606947313968
3.896605138730001
5.1599200417733355
23.57610069546333
20.985835763328108
4.422837144127605
6.168506793454445
5.87001732618111
4.55222452492333
4.963294461756668
6.857036709487143
5.236030784688889
21.805664954359987
15.83370858660188
7.826417708056949
5.541161875246665
10.218419184595557
10.590821670337029
3.0227569698916663
5.818236022161112
6.068101552073889
18.31377987139
3.478637364616665
5.314802183959523
4.563595293809996
2.944570390380003
5.11859575171
6.28693042913
9.08442201214222
3.286706399593333
25.32432398143997
9.503320249399996
9.820079921833335
4.731623618316663
10.264202725819842
5.1704474283316655
2.6880604946066815
5.651725503983334
5.803866571138053
6.770091039236666
15.34157520026999
9.569231857633334
5.064631802008477
5.0056208369066635
8.570982410953812
3.9770763894366685
12.433069728464341
4.970448316023894
7.387228713102698
9.98589918543167
5.068128011295557
6.1966450567516675
3.77469336440445
15.3170879749589
8.393694986569333
7.956613531498412
2.512026341646669
4.488327767592779
9.654659535711946
2.4457843055433335
2.5766684792866608
13.406980033190006
9.861354548670002
4.76216200403516
6.261656058563334
5.173711148295554
5.3131061136361915
11.314028805791276
4.2992128975844475
9.301675267313335
7.22568621258
4.070430406203333
4.546536986863332
4.152705004670006
3.803126131840005
4.713439010235556
2.704830199139994
12.825285947120012
4.76316537973611
7.32190582200127
5.184324050451666
8.09345395682611
4.290473779797777
4.082688776396665
4.877365769833334
6.336807259097777
3.7128875804333283
3.1679628426000064
2.301748792107772
5.6039448561548895
9.947663164061838
5.903697908283333
6.169934819403333
2.091398374426679
4.593407904347224
9.08442201214222
18.570867972728898
5.3465387851766675
4.48979516628
9.041830237895553
6.313417042999333
4.516532174077781
