16.81543666192111
32.03039095969552
27.24508561043333
19.753974321709446
27.962845719533327
15.433229850552216
13.871105317057765
22.231920507492383
16.532387499387777
23.51884808868119
16.755365201286185
14.860865789178883
21.021140202455555
28.27431731399999
29.925585171333353
22.934823945966667
21.400571340503333
19.80014772966055
15.003935016013175
24.86263459103333
22.04744979526778
19.109845036500005
26.323389186066677
24.69258390266667
27.566234523033323
28.504063579825562
34.68912648503334
25.37381014436
23.282671370099997
7.318650052419976
26.596786631379995
13.802796873057511
34.12040009396666
16.660907858666654
18.92202212261083
14.000564830378718
22.758355982193226
32.90847006903337
17.692881760794442
28.12586890284983
19.541372666255004
31.79477595650001
23.58397976676
29.83984751060002
19.428674931187775
17.21982843515
18.862002173457068
12.792948924270988
19.767137640675553
25.746324749200014
22.93591244599334
18.80950754546356
33.187836635733355
32.567727822833355
2.7190822030588215
16.062463359312222
22.7009503922
26.24658096256666
20.452100825245278
4.590141372807725
19.541652658308333
11.760016617380307
21.10446198391
22.382348704576664
15.94206596242777
28.352516613633345
28.296502731599997
11.515311955327762
31.422870673666683
19.62090737895222
31.092320582933347
18.207267590469442
28.35371663562001
25.1523104209
27.841602915266666
27.151577413300004
15.86177207285445
31.001814208500015
17.39279446972556
32.970688524966675
10.820501895040785
24.128438777305284
16.577292532161117
25.785267760199996
16.274480237684436
12.653339322531107
16.220236898814996
28.78549987133335
19.600137136089998
15.822044756220375
18.568444049208733
12.391318200626984
3.6142303294627958
21.767676197888335
29.152724748766687
25.803801669066672
11.022895225070517
18.954950082
33.40999832863335
28.593661202066656
37.12823085303669
21.7554942976
31.784153004566683
25.66058326167
16.827097578903963
17.269400267873333
24.31764255649
21.6367067386
8.722589799016696
19.11409453489222
21.894184278433332
20.25812465041278
21.10183210696984
22.281924512199996
9.338381760592037
17.52374808166222
14.40304359011888
14.43711894133493
16.220236898814996
21.02995944756365
26.937265684666666
23.63473952667667
15.60130531406667
31.729783343633336
17.788240728740607
12.62771280557998
19.981035526146666
13.548357826559688
26.869424967300006
4.45552944286781
21.3935052659
30.99523111936669
30.15640072796667
18.544182402366665
22.173820187013334
13.863855381378219
30.264605670270015
34.769921732833346
28.801653916133336
29.45579761308337
14.987736600927231
22.797937903946032
22.80327903515667
23.052880865146665
20.19837964592778
25.239574966912222
23.49782025568
14.214797017662619
10.19027402848224
15.679170602651112
21.97393737048889
28.781493624466655
16.312614011039045
18.012393427382225
13.213682480884444
16.355844599819996
14.760937963166654
30.154161522900004
24.389978598799985
19.754065287161666
24.347346240900002
24.543227686576667
32.507597924966674
24.194660308363332
15.957857867931665
24.786586520243333
31.684004225733354
24.618449571433338
19.84539147875772
25.89151585656667
31.16132507493333
8.675223435527801
13.529579892392857
23.974253964546666
24.320009041400006
23.170394665060556
31.067693989033337
16.9668821121841
11.319480385113167
26.459399416100013
18.972855157757884
26.072385377956042
11.880484350588333
17.87000825018556
13.186002343946395
33.096833100933324
28.0136466309
27.260547295566678
13.783809958940862
15.968293154476196
22.25012089446667
20.86401365680889
20.370247848683334
9.243814656926332
3.475047263643347
17.588259580213332
13.911868418778724
30.20900693263333
30.145479053466673
22.639253481966666
30.565795552038896
15.186130250057495
21.64600998545
21.178987273899843
14.8861611405185
2.752004603174619
14.890972228563324
15.231905277398841
10.91804677490998
22.40178812147689
9.265616226254911
28.365785063333334
7.064558151958096
21.166268296153966
12.238494874497201
28.66843715850001
25.190987248700004
8.33488477672835
8.569904364126653
24.189409170371107
20.6898276792
30.048729000433333
23.908530438966665
20.90954912956111
23.94232575696
24.528565617899993
30.54668123743334
18.559261669124442
13.599852731986672
4.454814429118237
15.400889735884434
24.87764938493333
10.24522461316477
18.761340260460873
29.152513190046946
14.844463195068894
18.244983204266667
10.661428132700019
30.766132851494447
25.51310385731111
7.968676620932671
12.501049533593347
24.32896162667799
24.415650272666667
14.550424533943612
5.541505911474355
20.31527701128222
27.358499705200003
22.10040665166389
21.210215861002222
25.295280606122212
19.61117301967467
18.171288888608892
38.517109031433364
24.005671220113335
22.045075156984446
17.26822746501
8.123581893808213
26.975310545166664
15.481159983876669
23.486918511853332
20.259698045700002
19.349206843051114
11.18758297646778
38.60273309453112
16.60074998429222
16.354880197711505
15.349579579956977
16.626642670771105
32.32544140430002
12.267124139188727
17.463467275162444
34.768733882499994
15.45481403865302
20.88687155692
8.174980271022907
12.049287812430803
28.17941025463335
22.957012789342222
24.480432080154447
14.488394735453316
19.715809709146665
22.32073597812
17.379706456563333
23.3915327911
15.906648494070563
17.018508451080002
21.689352673050443
5.8522858216933855
22.71627932060334
27.342134790566664
9.759249096079946
14.17598292076732
15.958678742504926
23.638056013666663
18.427362052045556
18.312509652143333
10.89948334370494
25.578829293991113
24.456015218013334
24.35671324042444
31.234313861966683
31.076944530761118
13.554423971436389
23.780021497313335
8.802019217744434
15.501915512739522
19.186288432141904
21.63484534833
8.902475794932226
13.080759847985686
23.329333819586886
21.858111967945558
4.62084506455076
15.126757717057085
15.475861591879998
29.415470503333307
34.76019942159999
14.000564830378718
28.334834244899994
15.444063475046653
39.30601286739889
18.044265299675555
29.523300546943332
16.857896053587773
17.73858228001111
39.93078603763331
26.249611789066662
32.4229283071
29.318384142133343
12.920984467225793
9.243814656926332
21.707879922887777
22.471982985886665
17.331436166699447
22.90747978713889
14.448889544397769
4.686974897475594
3.3314052881560627
26.275678354933333
23.510943224466665
26.959384708233348
15.231287578552227
17.645125518999688
24.789077890804457
3.1786030408524155
6.591294690619172
37.32549800502
20.95303509375254
21.21820101113333
3.1786030408524155
36.72525918770002
22.976132323822224
26.686848815633333
15.257151638171102
24.69254736665925
19.26088888712
31.85499100559999
13.08714146631989
30.475788706966675
28.32869477376667
20.014606876906665
16.171737716259724
26.125404314900003
23.895636411739837
19.397486027393334
18.38940185730889
17.52456333971881
17.14532124547999
14.414312629831805
16.402412702900005
21.552619049035556
17.53103336485334
14.269462207470008
29.073142327533326
18.236007078792227
14.90400899193222
11.717906506135568
11.485379023977885
29.697923495933367
10.464129819302062
18.972855157757884
19.103266727703176
25.880834852000003
12.577034039501552
34.360702299533315
16.135698741530796
27.095562930566672
15.789077631373331
38.39939780769999
23.056444342100775
16.201925536650478
21.936158708033332
8.802019217744434
7.747648244268703
23.251329758807938
25.51520582826667
29.675118396566674
19.45517973213111
20.949145494893333
16.821822333679993
15.418522185136673
29.134754098333353
32.6057919408
26.55796870226666
27.107606556799993
27.343861566100003
33.337042433933355
26.00755896233333
17.318503477327777
22.156464657556665
17.965293738289443
27.1368160284
10.304513705826656
6.493798891159159
30.579628414300004
12.938271915136355
27.675358857226673
21.707879922887777
18.075798448966665
18.357585135763333
24.505794828266666
14.717544574565
26.735373052863327
15.230183493769992
18.402747993347614
31.3578625709
31.172397200455542
23.895636411739837
23.158980666071376
11.212784132786117
29.01122476533334
24.9312090548408
15.374336318288897
14.53225166322334
23.943276911633887
10.89948334370494
16.56608277603222
16.158128181766664
16.98940316523778
11.942637669709999
34.06949362363335
24.66235137854667
22.464565279315877
22.265581604625552
27.719519125333335
32.02995094233333
21.074527515235555
17.09811010351389
32.18629575986668
12.78507158788067
30.35330746256665
11.760016617380307
21.416990872362224
27.668503518500003
22.92878386132286
18.6276089761781
24.509114478633336
22.33046379372667
8.76128102218514
21.360485299963333
28.357890897900013
13.034843301849964
28.701450027796668
12.665658602553805
6.700493809722515
18.67797243623667
28.921363540300014
15.237773990697786
20.57918685983122
14.020069255416962
11.716720304276686
14.414312629831805
34.24479424523334
14.066130909658332
14.354568589650288
14.069961147345548
24.560495715469443
39.411234609633354
33.64266001025891
3.660667717987721
34.652473793896675
17.09811010351389
13.466984364680007
26.87130835286507
28.078440801966664
26.462142076199996
30.78470935906669
12.222002900367784
28.29224969479999
28.858966627366677
11.561818128223772
20.908359949237223
27.720051001733324
3.9725398529761726
31.5246960989
16.91987196492984
13.61138235833445
4.572563192519983
19.805002962840554
9.191350327939995
24.342401287032885
18.80188557431444
23.536396769299994
28.96029374106668
28.348308526366672
8.429463474816663
21.76956138299778
15.890510663070003
12.58351377296768
20.532882631666826
16.213376998616397
15.054786241253336
13.703339358596672
23.817704918000004
17.55382479555635
23.634229454398444
11.91225056730667
20.783357257773332
6.321805262774854
28.073515950200004
29.24025002446667
30.985324367449987
11.623927025256195
17.951281998502665
15.083293055219107
23.8663505985
34.23500201553333
24.734211055999996
22.37929479337222
30.09169200996667
30.41600728543333
23.714951319595233
29.91355191286665
22.037749392966667
17.603078946616673
17.715569741390006
16.779290065697182
9.635418627476659
13.539454718969985
39.30052740129997
30.325935239233335
21.184579000626666
6.847681927959954
21.262441148654332
25.64031252768777
30.202193078500017
27.20449411413334
12.097569508909006
20.70003398812222
18.25424858230001
27.11192713913332
23.996099615874595
18.465482364236664
16.439851316400002
33.807273554933346
39.37368050166668
9.298504320653342
19.939344544350003
21.05508658842889
12.352288898991787
34.251211203000004
20.12098213866
24.546327589666664
8.46477647110673
12.977595104006493
15.451174554245078
18.23733820546378
15.055228504375552
36.66576948963329
10.806976067826051
16.58832084785741
28.435991965106645
22.58278235771
19.988498646214445
33.431498563243345
21.502900358316666
17.69490471381111
18.18201673554
17.089128525274447
16.290006890403326
17.835845092356664
34.9908250564
14.258381771072674
23.362075458777777
28.975367333866668
15.409924201613343
33.85284813363332
20.923192902436668
26.790396605473003
17.06209472791334
29.706452161333324
17.55855644840222
13.90204262334601
15.501915512739522
10.196518553205282
32.73355919930002
11.657853086747505
25.295280606122212
20.261514962849464
22.271343734896668
25.921369762433336
22.485608727796667
25.045773265600005
15.400889735884434
6.321805262774854
10.380619435993331
24.92501573408888
11.677384651496665
22.614731348043332
29.57864190366834
41.02213783010002
30.345401065833336
18.972855157757884
17.44269148508746
18.001442695279046
21.720866186422224
22.194558574311667
34.699455779344454
12.183389183316649
10.553509192095001
17.43302649092889
20.532882631666826
21.106581427300277
15.955989640029996
15.462070310690567
9.414598505587785
18.830415655476667
21.479160719733333
23.1855864575
21.582461024776666
25.526104405399998
29.240644890993345
32.18832787050002
15.080553802637777
17.19219861268444
31.988578322500018
28.409498800041675
24.013318682894997
13.932184140088893
7.100984949086639
31.47749095857778
23.709934795666673
9.228907643373361
17.641087614239204
23.32373658954733
33.26983413586667
14.868535988526661
18.05161162448889
17.73858228001111
35.588380261458454
6.637600402729721
22.412534552159112
33.971342017186664
10.196518553205282
26.435095678600014
14.219783339575002
20.669442082630002
30.106506375533343
5.347953040485006
18.306740656118887
19.104249683266193
8.886282850039697
22.105836370233334
19.772460113786668
14.02935974232939
29.067743448633607
16.176218542957145
24.801302625299996
9.394773786655243
20.1533907849327
27.896772312900005
21.643294569490003
28.105114807710002
22.971088919899998
34.689670083344474
17.4358968056427
26.676213742766677
26.45175235605333
9.548394822686657
30.038869672807778
14.870745161653508
24.704138074071107
9.440520804944883
21.91327563709
32.73766848823334
24.59830100031388
34.41714246386666
11.425248521186669
18.45861275993357
24.731314270362216
14.218616028610477
12.61080312271667
17.427398352733334
24.740704828163334
22.087733973818096
14.445218713211418
30.394097819182864
31.616779599433347
18.715023661486672
31.01814207536667
22.905244853433334
30.365119398566655
30.864905966320016
21.82526669615873
23.559652435833335
8.57651543617331
18.096422631369446
14.488394735453316
15.279841661896668
22.336831291739365
23.061847904475552
22.574074861286665
29.747268760766676
13.034843301849964
26.22987915062999
16.114853857386663
22.0718343293173
19.139602368992858
21.25753011992611
15.316681463783883
20.547210048022777
11.319480385113167
25.369312546102787
19.753974321709446
14.146913093884999
27.075162798283344
20.077922912205555
23.654089456082225
24.389978598799985
11.727164904279178
20.08974905714667
27.75280048336668
22.502599830534443
22.801305333823883
16.69727344667446
16.901774802547784
23.251329758807938
13.370731677647772
21.057650908211112
26.88322040116666
28.733924630633325
30.09004007253335
20.532882631666826
23.415648263858337
21.914853209386667
20.18358672162
27.86797814193333
16.205150322351106
26.61184315753667
18.72223482524667
22.23377388245873
27.71214694866665
16.125567318487768
18.012995082227224
34.291693349300004
20.64907384535
14.264464556408882
31.001347905933336
27.485923496166656
36.87772736876667
35.17588706278218
29.385537341466666
21.5974077059
17.326264483157225
30.30039548655003
20.539274693887
14.262174257387592
14.970927519173335
22.481135411926665
23.81002163684722
21.82526669615873
5.00108040200665
29.0873360653
25.319169398199996
23.393554630466664
9.906098570574452
16.04978404398
